0
0
6660
7513
7607
8285
8327
8471
8666
8668
8770
8827
8836
8864
8879
8962
8969
8985
8988
9032
9092
9132
9156
9171
9185
9187
9193
9193
9223
9228
9254
9259
9266
9275
9277
9290
9294
9315
9317
9327
9337
9340
9357
9359
9364
9373
9377
9388
9391
9393
9405
9405
9406
9410
9413
9420
9422
9432
9435
9443
9448
9451
9458
9467
9476
9476
9482
9483
9484
9486
9487
9493
9495
9498
9504
9508
9511
9518
9524
9530
9530
9530
9535
9538
9540
9542
9545
9545
9545
9546
9548
9552
9557
9559
9560
9562
9564
9564
9565
9566
9567
9571
9575
9575
9576
9576
9576
9578
9579
9581
9582
9583
9584
9586
9586
9586
9587
9587
9588
9590
9590
9590
9590
9592
9592
9592
9593
9593
9593
9595
9597
9597
9597
9600
9600
9601
9601
9602
9604
9604
9605
9605
9606
9606
9609
9609
9610
9611
9611
9613
9615
9616
9617
9619
9619
9620
9620
9621
9623
9623
9623
9623
9623
9623
9623
9623
9623
9623
9624
9625
9627
9628
9628
9628
9628
9628
9628
9629
9630
9632
9634
9634
9634
9635
9636
9637
9637
9637
9638
9638
9639
9640
9640
9640
9641
9641
9642
9643
9644
9645
9645
9645
9646
9647
9647
9648
9648
9649
9649
9649
9649
9650
9650
9650
9651
9652
9652
9652
9652
9652
9653
9653
9654
9654
9655
9656
9656
9656
9656
9657
9657
9657
9657
9657
9657
9657
9657
9657
9657
9658
9658
9658
9658
9658
9658
9658
9658
9658
9658
9658
9658
9659
9659
9660
9660
9660
9660
9660
9660
9660
9660
9660
9660
9660
9661
9661
9662
9662
9662
9662
9662
9663
9664
9664
9664
9665
9665
9665
9665
9665
9665
9665
9665
9665
9665
9666
9666
9667
9667
9668
9668
9668
9668
9668
9669
9670
9670
9670
9670
9670
9670
9670
9671
9671
9671
9671
9671
9671
9672
9672
9672
9673
9673
9673
9674
9674
9674
9674
9674
9674
9674
9674
9674
9674
9674
9674
9674
9675
9676
9676
9677
9677
9677
9677
9677
9677
9677
9677
9677
9677
9677
9678
9678
9678
9678
9678
9678
9678
9678
9678
9678
9678
9678
9678
9678
9678
9678
9678
9678
9678
9678
9678
9678
9678
9678
9678
9678
9678
9678
9678
9678
9678
9678
9678
9678
9678
9678
9678
9678
9678
9678
9678
9678
9678
9678
9678
9678
9678
9678
9678
9678
9678
9678
9678
9678
9678
9678
9678
9678
9678
9678
9678
9678
9678
9678
9678
9678
9678
9678
9678
9678
9678
9678
9678
9678
9678
9678
9678
9678
9678
9678
9678
9678
9678
9678
9678
9678
9678
9678
9678
9678
9678
9678
9678
9678
9678
9678
9678
9678
9678
9678
9678
9678
9678
9678
9678
9678
9678
9678
9678
9678
9678
9678
9678
9678
9678
9678
9678
9678
9678
9678
9678
9678
9678
9678
9678
9678
9678
9678
9678
9678
9678
9678
9678
9678
9678
9678
9678
9678
9678
9678
9678
9678
9678
9678
9678
9678
9678
9678
9678
9678
9678
9678
9678
9678
9678
9678
9678
9678
9678
9678
9678
9678
9678
9678
9678
9678
9678
9678
9678
9678
9678
9678
9678
9678
9678
9678
9678
9678
9678
9678
9678
9678
9678
9678
9678
9678
9678
9678
9678
9678
9678
9678
9678
9678
9678
9678
9678
9678
9678
9678
9678
9678
9678
9678
9678
9678
9678
9678
9678
9678
9678
9678
9678
9678
9678
9678
9678
9678
9678
9678
9678
9678
9678
9678
9678
9678
9678
9678
9678
9678
9678
9678
9678
9678
9678
9678
9678
9678
9678
9678
9678
9678
9678
9678
9678
9678
9678
9678
9678
9678
9678
9678
9678
9678
9678
9678
9678
9678
9678
9678
9678
9678
9678
9678
9678
9678
9678
9678
9678
9678
9678
9678
9678
9678
9678
9678
9678
9678
9678
9678
9678
9678
9678
9678
9678
9678
9678
9678
9678
9678
9678
9678
9678
9678
9678
9678
9678
9678
9678
9678
9678
9678
9678
9678
9678
9678
9678
9678
9678
9678
9678
9678
9678
9678
9678
9678
9678
9678
9678
9678
9678
9678
9678
9678
9678
9678
9678
9678
9678
9678
9678
9678
9678
9678
9678
9678
9678
9678
9678
9678
9678
9678
9678
9678
9678
9678
9678
9678
9678
9678
9678
9678
9678
9678
9678
9678
9678
9678
9678
9678
9678
9678
9678
9678
9678
9678
9678
9678
9678
9678
9678
9678
9678
9678
9678
9678
9678
9678
9678
9678
9678
9678
9678
9678
9678
9678
9678
9678
9678
9678
9678
9678
9678
9678
9678
9678
9678
9678
9678
9678
9678
9678
9678
9678
9678
9678
9678
9678
9678
9678
9678
9678
9678
9678
9678
9678
9678
9678
9678
9678
9678
9678
9678
9678
9678
9678
9678
9678
9678
9678
9678
9678
9678
9678
9678
9678
9678
9678
9678
9678
9678
9678
9678
9678
9678
9678
9678
9678
9678
9678
9678
9678
9678
9678
9678
9678
9678
9678
9678
9678
9678
9678
9678
9678
9678
9678
9678
9678
9678
9678
9678
9678
9678
9678
9678
9678
9678
9678
9678
9678
9678
9678
9678
9678
9678
9678
9678
9678
9678
9678
9678
9678
9678
9678
9678
9678
9678
9678
9678
9678
9678
9678
9678
9678
9678
9678
9678
9678
9678
9678
9678
9678
9678
9678
9678
9678
9678
9678
9678
9678
9678
9678
9678
9678
9678
9678
9678
9678
9678
9678
9678
9678
9678
9678
9678
9678
9678
9678
9678
9678
9678
9678
9678
9678
9678
9678
9678
9678
9678
9678
9678
9678
9678
9678
9678
9678
9678
9678
9678
9678
9678
9678
9678
9678
9678
9678
9678
9678
9678
9678
9678
9678
9678
9678
9678
9678
9678
9678
9678
9678
9678
9678
9678
9678
9678
9678
9678
9678
9678
9678
9678
9678
9678
9678
9678
9678
9678
9678
9678
9678
9678
9678
9678
9678
9678
9678
9678
9678
9678
9678
9678
9678
9678
9678
9678
9678
9678
9678
9678
9678
9678
9678
9678
9678
9678
9678
9678
9678
9678
9678
9678
9678
9678
9678
9678
9678
9678
9678
9678
9678
9678
9678
9678
9678
9678
9678
9678
9678
9678
9678
9678
9678
9678
9678
9678
9678
9678
9678
9678
9678
9678
9678
9678
9678
9678
9678
9678
9678
9678
9678
9678
9678
9678
9678
9678
9678
9678
9678
9678
9678
9678
9678
9678
9678
9678
9678
9678
9678
9678
9678
9678
9678
9678
9678
9678
9678
9678
9678
9678
9678
9678
9678
9678
9678
9678
9678
9678
9678
9678
9678
9678
9678
9678
9678
9678
9678
9678
9678
9678
9678
9678
9678
9678
9678
9678
9678
9678
9678
9678
9678
9678
9678
9678
9678
9678
9678
9678
9678
9678
9678
9678
9678
9678
9678
9678
9678
9678
9678
9678
9678
9678
9678
9678
9678
9678
9678
9678
9678
9678
9678
9678
9678
9678
9678
9678
9678
9678
9678
9678
9678
9678
9678
9678
9678
9678
9678
9678
9678
9678
9678
9678
9678
9678
9678
9678
9678
9678
9678
9678
9678
9678
9678
9678
9678
9678
9678
9678
9679
9679
9680
9686
9691
9693
9693
9698
9699
9703
9703
9705
9706
9708
9712
9713
9714
9718
9720
9723
9727
9731
9732
9732
9733
9733
9733
9735
9736
9738
9740
9742
9742
9745
9747
9749
9749
9749
9749
9750
9750
9752
9752
9753
9755
9757
9757
9758
9758
9760
9762
9763
9765
9766
9767
9769
9769
9770
9770
9770
9770
9771
9771
9771
9772
9772
9773
9774
9774
9775
9776
9777
9777
9777
9777
9778
9779
9779
9779
9779
9779
9779
9779
9780
9780
9780
9780
9781
9781
9781
9781
9781
9782
9782
9783
9784
9784
9784
9785
9785
9785
9786
9786
9786
9786
9786
9787
9787
9787
9787
9787
9787
9787
9787
9788
9788
9789
9789
9789
9789
9789
9789
9789
9789
9789
9790
9790
9791
9791
9791
9791
9791
9791
9791
9792
9792
9792
9792
9792
9792
9792
9792
9792
9792
9793
9793
9793
9793
9793
9793
9793
9793
9793
9793
9793
9793
9793
9793
9793
9793
9793
9793
9793
9793
9793
9793
9793
9793
9793
9793
9793
9793
9793
9793
9793
9793
9793
9793
9793
9793
9793
9793
9793
9793
9793
9793
9793
9793
9793
9793
9793
9793
9793
9793
9793
9793
9793
9793
9793
9793
9793
9793
9793
9793
9793
9793
9793
9793
9793
9793
9793
9793
9793
9793
9793
9793
9793
9793
9793
9793
9793
9793
9793
9793
9793
9793
9793
9793
9793
9793
9793
9793
9793
9793
9793
9793
9793
9793
9793
9793
9793
9793
9793
9793
9793
9793
9793
9793
9793
9793
9793
9793
9793
9793
9793
9793
9793
9793
9793
9793
9793
9793
9793
9793
9793
9793
9793
9793
9793
9793
9793
9793
9793
9793
9793
9793
9793
9793
9793
9793
9793
9793
9793
9793
9793
9793
9793
9793
9793
9793
9793
9793
9793
9793
9793
9793
9793
9793
9793
9793
9793
9793
9793
9793
9793
9793
9793
9793
9793
9793
9793
9793
9793
9793
9793
9793
9793
9793
9793
9793
9793
9793
9793
9793
9793
9793
9793
9793
9793
9793
9793
9793
9793
9793
9793
9793
9793
9793
9793
9793
9793
9793
9793
9793
9793
9793
9793
9793
9793
9793
9793
9793
9793
9793
9793
9793
9793
9793
9793
9793
9793
9793
9793
9793
9793
9793
9793
9793
9793
9793
9793
9793
9793
9793
9793
9793
9793
9793
9793
9793
9793
9793
9793
9793
9793
9793
9793
9793
9793
9793
9793
9793
9793
9793
9793
9793
9793
9793
9793
9793
9793
9793
9793
9793
9793
9793
9793
9793
9793
9793
9793
9793
9793
9793
9793
9793
9793
9793
9793
9793
9793
9793
9793
9793
9793
9793
9793
9793
9793
9793
9793
9793
9793
9793
9793
9793
9793
9793
9793
9793
9793
9793
9793
9793
9793
9793
9793
9793
9793
9793
9793
9793
9793
9793
9793
9793
9793
9793
9793
9793
9793
9793
9793
9793
9793
9793
9793
9793
9793
9793
9793
9793
9793
9793
9793
9793
9793
9793
9793
9793
9793
9793
9793
9793
9793
9793
9793
9793
9793
9793
9793
9793
9793
9793
9793
9793
9793
9793
9793
9793
9793
9793
9793
9793
9793
9793
9793
9793
9793
9793
9793
9793
9793
9793
9793
9793
9793
9793
9793
9793
9793
9793
9793
9793
9793
9793
9793
9793
9793
9793
9793
9793
9793
9793
9793
9793
9793
9793
9793
9793
9793
9793
9793
9793
9793
9793
9793
9793
9793
9793
9793
9793
9793
9793
9793
9793
9793
9793
9793
9793
9793
9793
9793
9793
9793
9793
9793
9793
9793
9793
9793
9793
9793
9793
9793
9793
9793
9793
9793
9793
9793
9793
9793
9793
9793
9793
9793
9793
9793
9793
9793
9793
9793
9793
9793
9793
9793
9793
9793
9793
9793
9793
9793
9793
9793
9793
9793
9793
9793
9793
9793
9793
9793
9793
9793
9793
9793
9793
9793
9793
9793
9793
9793
9793
9793
9793
9793
9793
9793
9793
9793
9793
9793
9793
9793
9793
9793
9793
9793
9793
9793
9793
9793
9793
9793
9793
9793
9793
9793
9793
9793
9793
9793
9793
9793
9793
9793
9793
9793
9793
9793
9793
9793
9793
9793
9793
9793
9793
9793
9793
9793
9793
9793
9793
9793
9793
9793
9793
9793
9793
9793
9793
9793
9793
9793
9793
9793
9793
9793
9793
9793
9793
9793
9793
9793
9793
9793
9793
9793
9793
9793
9793
9793
9793
9793
9793
9793
9793
9793
9793
9793
9793
9793
9793
9793
9793
9793
9793
9793
9793
9793
9793
9793
9793
9793
9793
9793
9793
9793
9793
9793
9793
9793
9793
9793
9793
9793
9793
9793
9793
9793
9793
9793
9793
9793
9793
9793
9793
9793
9793
9793
9793
9793
9793
9793
9793
9793
9793
9793
9793
9793
9793
9793
9793
9793
9793
9793
9793
9793
9793
9793
9793
9793
9793
9793
9793
9793
9793
9793
9793
9793
9793
9793
9793
9793
9793
9793
9793
9793
9793
9793
9793
9793
9793
9793
9793
9793
9793
9793
9793
9793
9793
9793
9793
9793
9793
9793
9793
9793
9793
9793
9793
9793
9793
9793
9793
9793
9793
9793
9793
9793
9793
9793
9793
9793
9793
9793
9793
9793
9793
9793
9793
9793
9793
9793
9793
9793
9793
9793
9793
9793
9793
9793
9793
9793
9793
9793
9793
9793
9793
9793
9793
9793
9793
9793
9793
9793
9793
9793
9793
9793
9793
9793
9793
9793
9793
9793
9793
9793
9793
9793
9793
9793
9793
9793
9793
9793
9793
9793
9793
9793
9793
9793
9793
9793
9793
9793
9793
9793
9793
9793
9793
9793
9793
9793
9793
9793
9793
9793
9793
9793
9793
9793
9793
9793
9793
9793
9793
9793
9793
9793
9793
9793
9793
9793
9793
9793
9793
9793
9793
9793
9793
9793
9793
9793
9793
9793
9793
9793
9793
9793
9793
9793
9793
9793
9793
9793
9793
9793
9793
9793
9793
9793
9793
9793
9793
9793
9793
9793
9793
9793
9793
9793
9793
9793
9793
9793
9793
9793
9793
9793
9793
9793
9793
9793
9793
9793
9793
9793
9793
9793
9793
9793
9793
9793
9793
9793
9793
9793
9793
9793
9793
9793
9793
9793
9793
9793
9793
9793
9793
9793
9793
9793
9793
9793
9793
9793
9793
9793
9793
9793
9793
9793
9793
9793
9793
9793
9793
9793
9793
9793
9793
9793
9793
9793
9793
9793
9793
9793
9793
9793
9793
9793
9793
9793
9793
9793
9793
9793
9793
9793
9793
9793
9793
9793
9793
9793
9793
9793
9793
9793
9793
9793
9793
9793
9793
9793
9793
9793
9793
